-28.0000 -283.0000 22.6264
-28.0000 -280.0000 23.2168
-28.0000 -277.0000 24.0610
-28.0000 -274.0000 25.2498
-28.0000 -271.0000 26.5966
-28.0000 -268.0000 27.9071
-28.0000 -265.0000 28.9948
-28.0000 -262.0000 29.7679
-28.0000 -259.0000 30.5164
-28.0000 -256.0000 31.2107
-28.0000 -253.0000 31.7514
-28.0000 -250.0000 32.0203
-28.0000 -247.0000 32.0008
-28.0000 -244.0000 31.8218
-28.0000 -241.0000 31.6704
-28.0000 -238.0000 31.7800
-28.0000 -235.0000 31.8446
-28.0000 -232.0000 31.8940
-28.0000 -229.0000 31.9892
-28.0000 -226.0000 32.2665
-28.0000 -223.0000 32.8881
-28.0000 -220.0000 33.6272
-28.0000 -217.0000 34.2286
-28.0000 -214.0000 34.5665
-28.0000 -211.0000 34.9412
-28.0000 -208.0000 35.4114
-28.0000 -205.0000 36.0088
-28.0000 -202.0000 36.6384
-28.0000 -199.0000 36.9956
-28.0000 -196.0000 37.1312
-28.0000 -193.0000 37.3092
-28.0000 -190.0000 37.6606
-28.0000 -187.0000 38.0014
-28.0000 -184.0000 38.2990
-28.0000 -181.0000 38.5387
-28.0000 -178.0000 38.7927
-28.0000 -175.0000 39.2334
-28.0000 -172.0000 39.6654
-28.0000 -169.0000 39.8676
-28.0000 -166.0000 39.7552
-28.0000 -163.0000 39.6077
-28.0000 -160.0000 39.3398
-28.0000 -157.0000 38.9075
-28.0000 -154.0000 38.1961
-28.0000 -151.0000 37.5628
-28.0000 -148.0000 36.9092
-28.0000 -145.0000 36.4550
-28.0000 -142.0000 36.1766
-28.0000 -139.0000 35.9833
-28.0000 -136.0000 35.8781
-28.0000 -133.0000 35.8661
-28.0000 -130.0000 35.8517
-28.0000 -127.0000 35.6855
-28.0000 -124.0000 35.5385
-28.0000 -121.0000 35.5833
-28.0000 -118.0000 35.8701
-28.0000 -115.0000 36.2809
-28.0000 -112.0000 36.7125
-28.0000 -109.0000 37.1467
-28.0000 -106.0000 37.5831
-28.0000 -103.0000 38.0904
-28.0000 -100.0000 38.6165
-28.0000 -97.0000 39.0674
-28.0000 -94.0000 39.3034
-28.0000 -91.0000 39.2971
-28.0000 -88.0000 39.5542
-28.0000 -85.0000 40.0518
-28.0000 -82.0000 40.6503
-28.0000 -79.0000 40.8884
-28.0000 -76.0000 40.8554
-28.0000 -73.0000 40.8460
-28.0000 -70.0000 40.9216
-28.0000 -67.0000 41.1429
-28.0000 -64.0000 41.4647
-28.0000 -61.0000 41.8355
-28.0000 -58.0000 42.1367
-28.0000 -55.0000 42.1575
-28.0000 -52.0000 41.9546
-28.0000 -49.0000 41.6039
-28.0000 -46.0000 41.1291
-28.0000 -43.0000 40.4272
-28.0000 -40.0000 39.5376
-28.0000 -37.0000 38.5117
-28.0000 -34.0000 37.5008
-28.0000 -31.0000 36.7989
-28.0000 -28.0000 36.3105
-28.0000 -25.0000 35.9118
-28.0000 -22.0000 35.5206
-28.0000 -19.0000 35.2094
-28.0000 -16.0000 34.9958
-28.0000 -13.0000 34.8891
-28.0000 -10.0000 34.8788
-28.0000 -7.0000 34.8970
-28.0000 -4.0000 34.9231
-28.0000 -1.0000 34.9412
-28.0000 2.0000 34.8619
-28.0000 5.0000 34.5633
-28.0000 8.0000 34.2929
-28.0000 11.0000 34.3220
-28.0000 14.0000 34.8572
-28.0000 17.0000 35.7609
-28.0000 20.0000 36.8664
-28.0000 23.0000 38.0151
-28.0000 26.0000 39.1169
-28.0000 29.0000 40.3089
-28.0000 32.0000 41.6055
-28.0000 35.0000 43.0061
-28.0000 38.0000 44.5638
-28.0000 41.0000 46.3873
-28.0000 44.0000 48.3528
-28.0000 47.0000 50.3205
-28.0000 50.0000 52.2204
-28.0000 53.0000 54.2220
-28.0000 56.0000 56.3743
-28.0000 59.0000 58.7119
-28.0000 62.0000 61.2180
-28.0000 65.0000 63.7069
-28.0000 68.0000 66.0877
-28.0000 71.0000 68.2799
-28.0000 74.0000 70.1895
-28.0000 77.0000 71.8056
-28.0000 80.0000 73.2932
-28.0000 83.0000 74.5691
-28.0000 86.0000 76.0106
-28.0000 89.0000 77.6941
-28.0000 92.0000 79.3425
-28.0000 95.0000 80.6648
-28.0000 98.0000 81.5238
-28.0000 101.0000 82.2443
-28.0000 104.0000 82.8240
-28.0000 107.0000 83.0411
